(0,0,0)-----(31,0,0)(32,0,0)-----(63,0,0)
|                  ||                   |
|      0_room      ||      1x_norm      |
|                  ||                   |
(0,0,31)---(31,0,31)(32,0,31)---(63,0,31)
(0,0,32)---(31,0,32)(32,0,32)---(63,0,32)
|                                       |
|               2x_norm                 |
|                                       |
(0,0,95)------------------------(63,0,95)
(0,0,96)------------------------(63,0,96)
|                                       |
|               4x_norm                 |
|                                       |
(0,0,159)----------------------(63,0,159)

(0,32,0)---(31,32,0)(32,32,0)---(63,32,0)
|                  ||                   |
|                  ||       1x_inv      |
|                  ||                   |
(0,32,31)-(31,32,31)(32,32,31)-(63,32,31)
(0,32,32)-(31,32,32)(32,32,32)-(63,32,32)
|                                       |
|               2x_norm                 |
|                                       |
(0,32,95)----------------------(63,32,95)
(0,32,96)----------------------(63,32,96)
|                                       |
|               4x_norm                 |
|                                       |
(0,32,159)--------------------(63,32,159)

(0,64,0)---(31,64,0)(32,64,0)---(63,64,0)
|                  ||                   |
|                  ||                   |
|                  ||                   |
(0,64,31)-(31,64,31)(32,64,31)-(63,64,31)
(0,64,32)-(31,64,32)(32,64,32)-(63,64,32)
|                                       |
|                2x_inv                 |
|                                       |
(0,64,95)----------------------(63,64,95)
(0,64,96)----------------------(63,64,96)
|                                       |
|                4x_inv                 |
|                                       |
(0,64,159)--------------------(63,64,159)